0 21 8 0
0 21 8 30
0 21 9 0
0 21 9 30
0 21 10 0
0 21 10 30
0 21 11 0
0 21 11 30
0 21 12 0
0 21 12 30
0 21 13 0
0 21 13 30
0 21 14 0
0 21 14 30
0 21 15 0
0 21 15 30
0 21 16 0
0 21 16 30
0 21 17 0
0 21 17 30
0 21 18 0
0 21 18 30
0 21 19 0
0 21 19 30
0 22 8 0
0 22 8 30
0 22 9 0
0 22 9 30
0 22 10 0
0 22 10 30
0 22 11 0
0 22 11 30
0 22 12 0
0 22 12 30
0 22 13 0
0 22 13 30
0 22 14 0
0 22 14 30
0 22 15 0
0 22 15 30
0 22 16 0
0 22 16 30
0 22 17 0
0 22 17 30
0 22 18 0
0 22 18 30
0 22 19 0
0 22 19 30
0 23 8 0
0 23 8 30
0 23 9 0
0 23 9 30
0 23 10 0
0 23 10 30
0 23 11 0
0 23 11 30
0 23 12 0
0 23 12 30
0 23 13 0
0 23 13 30
0 23 14 0
0 23 14 30
0 23 15 0
0 23 15 30
0 23 16 0
0 23 16 30
0 23 17 0
0 23 17 30
0 23 18 0
0 23 18 30
0 23 19 0
0 23 19 30
